# trial,instr,stim,isi,response,accuracy,rt,instr_onset,stim_onset,resp_onset
0.00,0.00,1.00,5.00,1.00,1.00,154.00,99.00,1173.00,1250.00
1.00,0.00,3.00,1.00,1.00,1.00,224.00,99.00,1073.00,1185.00
2.00,2.00,0.00,7.00,2.00,1.00,134.00,99.00,1223.00,1290.00
3.00,0.00,3.00,7.00,1.00,1.00,270.00,99.00,1223.00,1358.00
4.00,0.00,0.00,5.00,0.00,1.00,160.00,99.00,1173.00,1253.00
5.00,3.00,3.00,2.00,0.00,1.00,362.00,99.00,1098.00,1279.00
6.00,1.00,0.00,5.00,2.00,1.00,170.00,99.00,1173.00,1258.00
7.00,0.00,2.00,4.00,0.00,1.00,212.00,99.00,1148.00,1254.00
8.00,2.00,1.00,8.00,3.00,1.00,118.00,99.00,1248.00,1307.00
9.00,0.00,1.00,1.00,1.00,1.00,128.00,99.00,1073.00,1137.00
10.00,2.00,3.00,3.00,3.00,1.00,186.00,99.00,1123.00,1216.00
11.00,0.00,0.00,9.00,0.00,1.00,130.00,99.00,1273.00,1338.00
12.00,1.00,1.00,9.00,3.00,1.00,94.00,99.00,1273.00,1320.00
13.00,3.00,3.00,7.00,3.00,0.00,206.00,99.00,1223.00,1326.00
14.00,0.00,3.00,0.00,1.00,1.00,310.00,99.00,1048.00,1203.00
15.00,2.00,3.00,0.00,2.00,0.00,316.00,99.00,1048.00,1206.00
16.00,3.00,0.00,2.00,2.00,0.00,126.00,99.00,1098.00,1161.00
17.00,0.00,3.00,2.00,1.00,1.00,236.00,99.00,1098.00,1216.00
18.00,0.00,3.00,1.00,1.00,1.00,220.00,99.00,1073.00,1183.00
19.00,0.00,1.00,10.00,1.00,1.00,118.00,99.00,1298.00,1357.00
20.00,3.00,0.00,8.00,0.00,1.00,170.00,99.00,1248.00,1333.00
21.00,2.00,3.00,5.00,3.00,1.00,284.00,99.00,1173.00,1315.00
22.00,2.00,2.00,9.00,2.00,1.00,216.00,99.00,1273.00,1381.00
23.00,1.00,0.00,9.00,2.00,1.00,122.00,99.00,1273.00,1334.00
24.00,0.00,3.00,1.00,1.00,1.00,212.00,99.00,1073.00,1179.00
25.00,1.00,1.00,4.00,1.00,0.00,128.00,99.00,1148.00,1212.00
26.00,1.00,3.00,2.00,3.00,0.00,220.00,99.00,1098.00,1208.00
27.00,1.00,3.00,4.00,1.00,0.00,320.00,99.00,1148.00,1308.00
28.00,0.00,2.00,5.00,2.00,0.00,268.00,99.00,1173.00,1307.00
29.00,1.00,2.00,10.00,3.00,1.00,202.00,99.00,1298.00,1399.00
30.00,0.00,2.00,9.00,3.00,0.00,234.00,99.00,1273.00,1390.00
31.00,2.00,3.00,2.00,3.00,1.00,246.00,99.00,1098.00,1221.00
32.00,2.00,2.00,10.00,2.00,1.00,228.00,99.00,1298.00,1412.00
33.00,1.00,0.00,3.00,0.00,0.00,152.00,99.00,1123.00,1199.00
34.00,3.00,3.00,1.00,0.00,1.00,252.00,99.00,1073.00,1199.00
35.00,1.00,1.00,5.00,3.00,1.00,98.00,99.00,1173.00,1222.00
36.00,2.00,2.00,8.00,1.00,0.00,350.00,99.00,1248.00,1423.00
37.00,2.00,0.00,8.00,2.00,1.00,112.00,99.00,1248.00,1304.00
38.00,2.00,0.00,5.00,0.00,0.00,136.00,99.00,1173.00,1241.00
39.00,0.00,1.00,8.00,3.00,0.00,136.00,99.00,1248.00,1316.00
40.00,1.00,1.00,8.00,1.00,0.00,160.00,99.00,1248.00,1328.00
41.00,2.00,1.00,5.00,3.00,1.00,132.00,99.00,1173.00,1239.00
42.00,3.00,3.00,8.00,0.00,1.00,308.00,99.00,1248.00,1402.00
43.00,1.00,0.00,3.00,2.00,1.00,158.00,99.00,1123.00,1202.00
44.00,1.00,0.00,6.00,2.00,1.00,134.00,99.00,1198.00,1265.00
45.00,2.00,0.00,1.00,2.00,1.00,78.00,99.00,1073.00,1112.00
46.00,0.00,1.00,3.00,3.00,0.00,154.00,99.00,1123.00,1200.00
47.00,2.00,1.00,3.00,3.00,1.00,158.00,99.00,1123.00,1202.00
48.00,2.00,2.00,7.00,2.00,1.00,244.00,99.00,1223.00,1345.00
49.00,0.00,1.00,9.00,1.00,1.00,108.00,99.00,1273.00,1327.00
50.00,1.00,2.00,3.00,3.00,1.00,172.00,99.00,1123.00,1209.00
51.00,3.00,0.00,4.00,0.00,1.00,102.00,99.00,1148.00,1199.00
52.00,0.00,3.00,7.00,1.00,1.00,248.00,99.00,1223.00,1347.00
53.00,3.00,0.00,7.00,2.00,0.00,100.00,99.00,1223.00,1273.00
54.00,0.00,0.00,2.00,0.00,1.00,118.00,99.00,1098.00,1157.00
55.00,3.00,2.00,9.00,1.00,1.00,284.00,99.00,1273.00,1415.00
56.00,1.00,0.00,5.00,2.00,1.00,96.00,99.00,1173.00,1221.00
57.00,2.00,2.00,9.00,2.00,1.00,272.00,99.00,1273.00,1409.00
58.00,3.00,1.00,7.00,3.00,0.00,190.00,99.00,1223.00,1318.00
59.00,1.00,0.00,8.00,0.00,0.00,136.00,99.00,1248.00,1316.00
60.00,1.00,0.00,7.00,2.00,1.00,114.00,99.00,1223.00,1280.00
61.00,1.00,1.00,2.00,3.00,1.00,104.00,99.00,1098.00,1150.00
62.00,0.00,1.00,3.00,3.00,0.00,158.00,99.00,1123.00,1202.00
63.00,3.00,0.00,10.00,0.00,1.00,116.00,99.00,1298.00,1356.00
64.00,3.00,0.00,2.00,2.00,0.00,150.00,99.00,1098.00,1173.00
65.00,1.00,0.00,9.00,2.00,1.00,138.00,99.00,1273.00,1342.00
66.00,2.00,1.00,1.00,3.00,1.00,108.00,99.00,1073.00,1127.00
67.00,0.00,3.00,7.00,2.00,0.00,260.00,99.00,1223.00,1353.00
68.00,0.00,1.00,0.00,1.00,1.00,178.00,99.00,1048.00,1137.00
69.00,1.00,0.00,4.00,2.00,1.00,128.00,99.00,1148.00,1212.00
70.00,0.00,1.00,4.00,1.00,1.00,112.00,99.00,1148.00,1204.00
71.00,1.00,3.00,7.00,1.00,0.00,190.00,99.00,1223.00,1318.00
72.00,1.00,1.00,7.00,1.00,0.00,142.00,99.00,1223.00,1294.00
73.00,2.00,0.00,8.00,0.00,0.00,136.00,99.00,1248.00,1316.00
74.00,1.00,1.00,1.00,3.00,1.00,158.00,99.00,1073.00,1152.00
75.00,0.00,0.00,4.00,0.00,1.00,142.00,99.00,1148.00,1219.00
76.00,1.00,3.00,3.00,2.00,1.00,202.00,99.00,1123.00,1224.00
77.00,1.00,2.00,9.00,0.00,0.00,250.00,99.00,1273.00,1398.00
78.00,2.00,2.00,8.00,2.00,1.00,312.00,99.00,1248.00,1404.00
79.00,1.00,2.00,0.00,0.00,0.00,274.00,99.00,1048.00,1185.00
80.00,2.00,1.00,10.00,1.00,0.00,146.00,99.00,1298.00,1371.00
81.00,0.00,3.00,4.00,1.00,1.00,278.00,99.00,1148.00,1287.00
82.00,0.00,3.00,10.00,1.00,1.00,192.00,99.00,1298.00,1394.00
83.00,3.00,2.00,4.00,1.00,1.00,272.00,99.00,1148.00,1284.00
84.00,0.00,0.00,10.00,2.00,0.00,126.00,99.00,1298.00,1361.00
85.00,0.00,2.00,1.00,1.00,0.00,232.00,99.00,1073.00,1189.00
86.00,3.00,1.00,1.00,3.00,0.00,136.00,99.00,1073.00,1141.00
87.00,2.00,1.00,8.00,1.00,0.00,154.00,99.00,1248.00,1325.00
88.00,1.00,2.00,7.00,3.00,1.00,210.00,99.00,1223.00,1328.00
89.00,0.00,2.00,9.00,3.00,0.00,198.00,99.00,1273.00,1372.00
90.00,1.00,3.00,0.00,2.00,1.00,272.00,99.00,1048.00,1184.00
91.00,1.00,1.00,1.00,3.00,1.00,136.00,99.00,1073.00,1141.00
92.00,0.00,0.00,1.00,0.00,1.00,128.00,99.00,1073.00,1137.00
93.00,2.00,0.00,9.00,2.00,1.00,100.00,99.00,1273.00,1323.00
94.00,2.00,3.00,6.00,3.00,1.00,198.00,99.00,1198.00,1297.00
95.00,1.00,1.00,9.00,3.00,1.00,114.00,99.00,1273.00,1330.00
96.00,2.00,2.00,6.00,2.00,1.00,308.00,99.00,1198.00,1352.00
97.00,2.00,0.00,3.00,2.00,1.00,122.00,99.00,1123.00,1184.00
98.00,2.00,3.00,5.00,3.00,1.00,200.00,99.00,1173.00,1273.00
99.00,0.00,2.00,9.00,0.00,1.00,258.00,99.00,1273.00,1402.00
100.00,3.00,2.00,3.00,1.00,1.00,280.00,99.00,1123.00,1263.00
101.00,2.00,2.00,9.00,2.00,1.00,206.00,99.00,1273.00,1376.00
102.00,0.00,2.00,2.00,0.00,1.00,228.00,99.00,1098.00,1212.00
103.00,1.00,0.00,8.00,0.00,0.00,148.00,99.00,1248.00,1322.00
104.00,3.00,2.00,0.00,2.00,0.00,202.00,99.00,1048.00,1149.00
105.00,2.00,3.00,6.00,3.00,1.00,190.00,99.00,1198.00,1293.00
106.00,0.00,0.00,0.00,0.00,1.00,132.00,99.00,1048.00,1114.00
107.00,1.00,1.00,4.00,3.00,1.00,100.00,99.00,1148.00,1198.00
108.00,1.00,2.00,2.00,1.00,0.00,236.00,99.00,1098.00,1216.00
109.00,1.00,1.00,8.00,3.00,1.00,132.00,99.00,1248.00,1314.00
110.00,1.00,1.00,10.00,3.00,1.00,140.00,99.00,1298.00,1368.00
111.00,0.00,3.00,6.00,2.00,0.00,280.00,99.00,1198.00,1338.00
112.00,0.00,3.00,6.00,1.00,1.00,258.00,99.00,1198.00,1327.00
113.00,3.00,1.00,2.00,1.00,1.00,114.00,99.00,1098.00,1155.00
114.00,2.00,1.00,0.00,3.00,1.00,176.00,99.00,1048.00,1136.00
115.00,3.00,1.00,1.00,1.00,1.00,178.00,99.00,1073.00,1162.00
116.00,1.00,3.00,3.00,3.00,0.00,358.00,99.00,1123.00,1302.00
117.00,0.00,1.00,9.00,1.00,1.00,134.00,99.00,1273.00,1340.00
118.00,3.00,1.00,3.00,1.00,1.00,156.00,99.00,1123.00,1201.00
119.00,2.00,1.00,9.00,3.00,1.00,80.00,99.00,1273.00,1313.00
120.00,3.00,3.00,3.00,0.00,1.00,238.00,99.00,1123.00,1242.00
121.00,2.00,0.00,5.00,2.00,1.00,116.00,99.00,1173.00,1231.00
122.00,2.00,3.00,0.00,0.00,0.00,260.00,99.00,1048.00,1178.00
123.00,1.00,3.00,0.00,0.00,0.00,258.00,99.00,1048.00,1177.00
124.00,3.00,2.00,7.00,1.00,1.00,224.00,99.00,1223.00,1335.00
125.00,0.00,0.00,3.00,0.00,1.00,178.00,99.00,1123.00,1212.00
126.00,0.00,1.00,7.00,1.00,1.00,114.00,99.00,1223.00,1280.00
127.00,1.00,0.00,3.00,0.00,0.00,100.00,99.00,1123.00,1173.00
128.00,3.00,0.00,9.00,0.00,1.00,162.00,99.00,1273.00,1354.00
129.00,3.00,0.00,1.00,0.00,1.00,100.00,99.00,1073.00,1123.00
130.00,1.00,1.00,6.00,3.00,1.00,138.00,99.00,1198.00,1267.00
131.00,3.00,1.00,4.00,3.00,0.00,128.00,99.00,1148.00,1212.00
132.00,3.00,1.00,5.00,1.00,1.00,164.00,99.00,1173.00,1255.00
133.00,1.00,2.00,1.00,3.00,1.00,168.00,99.00,1073.00,1157.00
134.00,2.00,3.00,4.00,2.00,0.00,242.00,99.00,1148.00,1269.00
135.00,0.00,3.00,10.00,1.00,1.00,286.00,99.00,1298.00,1441.00
136.00,1.00,1.00,0.00,3.00,1.00,128.00,99.00,1048.00,1112.00
137.00,0.00,1.00,5.00,1.00,1.00,92.00,99.00,1173.00,1219.00
138.00,1.00,2.00,10.00,2.00,0.00,286.00,99.00,1298.00,1441.00
139.00,0.00,3.00,6.00,1.00,1.00,314.00,99.00,1198.00,1355.00
140.00,2.00,2.00,5.00,2.00,1.00,198.00,99.00,1173.00,1272.00
141.00,3.00,3.00,3.00,2.00,0.00,226.00,99.00,1123.00,1236.00
142.00,1.00,2.00,3.00,0.00,0.00,250.00,99.00,1123.00,1248.00
143.00,2.00,2.00,1.00,2.00,1.00,216.00,99.00,1073.00,1181.00
144.00,3.00,2.00,0.00,0.00,0.00,190.00,99.00,1048.00,1143.00
145.00,3.00,2.00,2.00,0.00,0.00,382.00,99.00,1098.00,1289.00
146.00,2.00,1.00,8.00,3.00,1.00,132.00,99.00,1248.00,1314.00
147.00,1.00,3.00,2.00,2.00,1.00,190.00,99.00,1098.00,1193.00
148.00,0.00,3.00,4.00,1.00,1.00,256.00,99.00,1148.00,1276.00
149.00,0.00,1.00,7.00,1.00,1.00,120.00,99.00,1223.00,1283.00
150.00,3.00,2.00,3.00,1.00,1.00,270.00,99.00,1123.00,1258.00
151.00,1.00,0.00,2.00,2.00,1.00,166.00,99.00,1098.00,1181.00
152.00,1.00,2.00,2.00,0.00,0.00,382.00,99.00,1098.00,1289.00
153.00,2.00,1.00,1.00,3.00,1.00,168.00,99.00,1073.00,1157.00
154.00,3.00,1.00,7.00,1.00,1.00,122.00,99.00,1223.00,1284.00
155.00,0.00,2.00,7.00,0.00,1.00,394.00,99.00,1223.00,1420.00
156.00,2.00,2.00,8.00,2.00,1.00,222.00,99.00,1248.00,1359.00
157.00,1.00,3.00,5.00,0.00,0.00,320.00,99.00,1173.00,1333.00
158.00,0.00,3.00,1.00,1.00,1.00,252.00,99.00,1073.00,1199.00
159.00,3.00,3.00,9.00,0.00,1.00,210.00,99.00,1273.00,1378.00
160.00,0.00,2.00,6.00,0.00,1.00,256.00,99.00,1198.00,1326.00
161.00,3.00,3.00,2.00,0.00,1.00,180.00,99.00,1098.00,1188.00
162.00,2.00,1.00,7.00,3.00,1.00,122.00,99.00,1223.00,1284.00
163.00,1.00,0.00,2.00,2.00,1.00,166.00,99.00,1098.00,1181.00
164.00,0.00,1.00,4.00,3.00,0.00,150.00,99.00,1148.00,1223.00
165.00,1.00,3.00,8.00,0.00,0.00,296.00,99.00,1248.00,1396.00
166.00,0.00,1.00,7.00,1.00,1.00,138.00,99.00,1223.00,1292.00
167.00,3.00,1.00,2.00,3.00,0.00,126.00,99.00,1098.00,1161.00
168.00,3.00,3.00,9.00,3.00,0.00,198.00,99.00,1273.00,1372.00
169.00,1.00,2.00,1.00,3.00,1.00,170.00,99.00,1073.00,1158.00
170.00,1.00,0.00,8.00,2.00,1.00,176.00,99.00,1248.00,1336.00
171.00,2.00,0.00,9.00,2.00,1.00,94.00,99.00,1273.00,1320.00
172.00,3.00,2.00,10.00,0.00,0.00,238.00,99.00,1298.00,1417.00
173.00,0.00,3.00,2.00,2.00,0.00,270.00,99.00,1098.00,1233.00
174.00,2.00,0.00,9.00,2.00,1.00,112.00,99.00,1273.00,1329.00
175.00,2.00,0.00,4.00,2.00,1.00,194.00,99.00,1148.00,1245.00
176.00,1.00,2.00,7.00,3.00,1.00,340.00,99.00,1223.00,1393.00
177.00,0.00,2.00,4.00,0.00,1.00,232.00,99.00,1148.00,1264.00
178.00,1.00,2.00,8.00,3.00,1.00,344.00,99.00,1248.00,1420.00
179.00,3.00,3.00,3.00,3.00,0.00,340.00,99.00,1123.00,1293.00
180.00,1.00,2.00,4.00,0.00,0.00,200.00,99.00,1148.00,1248.00
181.00,1.00,0.00,1.00,2.00,1.00,108.00,99.00,1073.00,1127.00
182.00,3.00,2.00,6.00,1.00,1.00,284.00,99.00,1198.00,1340.00
183.00,2.00,0.00,2.00,0.00,0.00,144.00,99.00,1098.00,1170.00
184.00,0.00,2.00,0.00,0.00,1.00,276.00,99.00,1048.00,1186.00
185.00,1.00,3.00,10.00,2.00,1.00,244.00,99.00,1298.00,1420.00
186.00,3.00,3.00,6.00,0.00,1.00,222.00,99.00,1198.00,1309.00
187.00,1.00,3.00,8.00,0.00,0.00,266.00,99.00,1248.00,1381.00
188.00,3.00,1.00,8.00,1.00,1.00,102.00,99.00,1248.00,1299.00
189.00,3.00,0.00,5.00,0.00,1.00,114.00,99.00,1173.00,1230.00
190.00,2.00,2.00,6.00,2.00,1.00,248.00,99.00,1198.00,1322.00
191.00,2.00,2.00,9.00,2.00,1.00,316.00,99.00,1273.00,1431.00
192.00,1.00,3.00,1.00,2.00,1.00,238.00,99.00,1073.00,1192.00
193.00,2.00,3.00,6.00,3.00,1.00,234.00,99.00,1198.00,1315.00
194.00,3.00,1.00,6.00,1.00,1.00,120.00,99.00,1198.00,1258.00
195.00,2.00,2.00,8.00,1.00,0.00,176.00,99.00,1248.00,1336.00
196.00,2.00,0.00,4.00,0.00,0.00,134.00,99.00,1148.00,1215.00
197.00,3.00,0.00,8.00,0.00,1.00,154.00,99.00,1248.00,1325.00
198.00,3.00,3.00,0.00,2.00,0.00,320.00,99.00,1048.00,1208.00
199.00,2.00,3.00,7.00,3.00,1.00,316.00,99.00,1223.00,1381.00
200.00,0.00,1.00,8.00,3.00,0.00,146.00,99.00,1248.00,1321.00
201.00,3.00,0.00,5.00,0.00,1.00,84.00,99.00,1173.00,1215.00
202.00,2.00,0.00,8.00,2.00,1.00,112.00,99.00,1248.00,1304.00
203.00,3.00,2.00,4.00,1.00,1.00,306.00,99.00,1148.00,1301.00
204.00,2.00,0.00,5.00,2.00,1.00,122.00,99.00,1173.00,1234.00
205.00,3.00,0.00,1.00,0.00,1.00,142.00,99.00,1073.00,1144.00
206.00,2.00,2.00,4.00,1.00,0.00,250.00,99.00,1148.00,1273.00
207.00,0.00,3.00,1.00,1.00,1.00,240.00,99.00,1073.00,1193.00
208.00,3.00,0.00,3.00,2.00,0.00,124.00,99.00,1123.00,1185.00
209.00,0.00,2.00,6.00,0.00,1.00,194.00,99.00,1198.00,1295.00
210.00,1.00,2.00,3.00,0.00,0.00,196.00,99.00,1123.00,1221.00
211.00,0.00,3.00,2.00,1.00,1.00,240.00,99.00,1098.00,1218.00
212.00,2.00,3.00,1.00,3.00,1.00,198.00,99.00,1073.00,1172.00
213.00,1.00,0.00,1.00,2.00,1.00,162.00,99.00,1073.00,1154.00
214.00,2.00,0.00,3.00,2.00,1.00,150.00,99.00,1123.00,1198.00
215.00,3.00,2.00,2.00,1.00,1.00,274.00,99.00,1098.00,1235.00
216.00,1.00,2.00,5.00,3.00,1.00,232.00,99.00,1173.00,1289.00
217.00,3.00,2.00,8.00,2.00,0.00,238.00,99.00,1248.00,1367.00
218.00,1.00,1.00,1.00,1.00,0.00,108.00,99.00,1073.00,1127.00
219.00,3.00,0.00,5.00,0.00,1.00,106.00,99.00,1173.00,1226.00
220.00,0.00,1.00,2.00,1.00,1.00,160.00,99.00,1098.00,1178.00
221.00,2.00,0.00,10.00,2.00,1.00,102.00,99.00,1298.00,1349.00
222.00,0.00,1.00,7.00,1.00,1.00,130.00,99.00,1223.00,1288.00
223.00,0.00,3.00,0.00,1.00,1.00,268.00,99.00,1048.00,1182.00
224.00,1.00,2.00,10.00,2.00,0.00,210.00,99.00,1298.00,1403.00
225.00,3.00,2.00,6.00,1.00,1.00,304.00,99.00,1198.00,1350.00
226.00,2.00,2.00,7.00,2.00,1.00,228.00,99.00,1223.00,1337.00
227.00,2.00,3.00,3.00,3.00,1.00,242.00,99.00,1123.00,1244.00
228.00,0.00,1.00,8.00,3.00,0.00,138.00,99.00,1248.00,1317.00
229.00,1.00,2.00,9.00,3.00,1.00,268.00,99.00,1273.00,1407.00
230.00,1.00,2.00,0.00,3.00,1.00,260.00,99.00,1048.00,1178.00
231.00,0.00,0.00,8.00,0.00,1.00,136.00,99.00,1248.00,1316.00
232.00,1.00,1.00,8.00,1.00,0.00,148.00,99.00,1248.00,1322.00
233.00,2.00,0.00,2.00,2.00,1.00,128.00,99.00,1098.00,1162.00
234.00,2.00,2.00,4.00,2.00,1.00,292.00,99.00,1148.00,1294.00
235.00,3.00,2.00,5.00,1.00,1.00,226.00,99.00,1173.00,1286.00
236.00,0.00,1.00,1.00,1.00,1.00,124.00,99.00,1073.00,1135.00
237.00,2.00,0.00,5.00,2.00,1.00,124.00,99.00,1173.00,1235.00
238.00,2.00,1.00,5.00,3.00,1.00,144.00,99.00,1173.00,1245.00
239.00,0.00,0.00,1.00,0.00,1.00,140.00,99.00,1073.00,1143.00
240.00,1.00,2.00,0.00,3.00,1.00,236.00,99.00,1048.00,1166.00
241.00,0.00,0.00,2.00,0.00,1.00,100.00,99.00,1098.00,1148.00
242.00,0.00,2.00,5.00,0.00,1.00,204.00,99.00,1173.00,1275.00
243.00,2.00,0.00,6.00,2.00,1.00,162.00,99.00,1198.00,1279.00
244.00,3.00,0.00,9.00,2.00,0.00,152.00,99.00,1273.00,1349.00
245.00,3.00,2.00,5.00,0.00,0.00,296.00,99.00,1173.00,1321.00
246.00,2.00,3.00,8.00,3.00,1.00,286.00,99.00,1248.00,1391.00
247.00,3.00,0.00,8.00,2.00,0.00,140.00,99.00,1248.00,1318.00
248.00,2.00,0.00,3.00,2.00,1.00,132.00,99.00,1123.00,1189.00
249.00,3.00,1.00,0.00,3.00,0.00,140.00,99.00,1048.00,1118.00
250.00,1.00,3.00,5.00,1.00,0.00,184.00,99.00,1173.00,1265.00
251.00,1.00,3.00,1.00,2.00,1.00,216.00,99.00,1073.00,1181.00
252.00,0.00,2.00,0.00,0.00,1.00,186.00,99.00,1048.00,1141.00
253.00,2.00,1.00,4.00,3.00,1.00,140.00,99.00,1148.00,1218.00
254.00,3.00,2.00,7.00,1.00,1.00,254.00,99.00,1223.00,1350.00
255.00,1.00,1.00,0.00,1.00,0.00,160.00,99.00,1048.00,1128.00
256.00,2.00,0.00,8.00,2.00,1.00,160.00,99.00,1248.00,1328.00
257.00,2.00,2.00,6.00,2.00,1.00,206.00,99.00,1198.00,1301.00
258.00,1.00,1.00,5.00,3.00,1.00,152.00,99.00,1173.00,1249.00
259.00,3.00,2.00,5.00,1.00,1.00,184.00,99.00,1173.00,1265.00
260.00,0.00,0.00,10.00,2.00,0.00,130.00,99.00,1298.00,1363.00
261.00,3.00,2.00,6.00,2.00,0.00,350.00,99.00,1198.00,1373.00
262.00,0.00,2.00,0.00,3.00,0.00,216.00,99.00,1048.00,1156.00
263.00,1.00,0.00,4.00,2.00,1.00,146.00,99.00,1148.00,1221.00
264.00,1.00,2.00,4.00,3.00,1.00,226.00,99.00,1148.00,1261.00
265.00,2.00,2.00,1.00,1.00,0.00,210.00,99.00,1073.00,1178.00
266.00,2.00,0.00,5.00,0.00,0.00,156.00,99.00,1173.00,1251.00
267.00,3.00,2.00,4.00,1.00,1.00,326.00,99.00,1148.00,1311.00
268.00,2.00,2.00,2.00,2.00,1.00,272.00,99.00,1098.00,1234.00
269.00,0.00,2.00,7.00,0.00,1.00,200.00,99.00,1223.00,1323.00
270.00,2.00,3.00,7.00,3.00,1.00,198.00,99.00,1223.00,1322.00
271.00,1.00,0.00,5.00,2.00,1.00,110.00,99.00,1173.00,1228.00
272.00,1.00,3.00,5.00,2.00,1.00,208.00,99.00,1173.00,1277.00
273.00,3.00,1.00,6.00,1.00,1.00,144.00,99.00,1198.00,1270.00
274.00,0.00,1.00,0.00,3.00,0.00,166.00,99.00,1048.00,1131.00
275.00,3.00,0.00,5.00,0.00,1.00,104.00,99.00,1173.00,1225.00
276.00,2.00,3.00,4.00,3.00,1.00,374.00,99.00,1148.00,1335.00
277.00,2.00,3.00,7.00,3.00,1.00,296.00,99.00,1223.00,1371.00
278.00,0.00,0.00,0.00,0.00,1.00,162.00,99.00,1048.00,1129.00
279.00,3.00,0.00,5.00,0.00,1.00,114.00,99.00,1173.00,1230.00
280.00,2.00,2.00,3.00,0.00,0.00,244.00,99.00,1123.00,1245.00
281.00,3.00,2.00,1.00,2.00,0.00,272.00,99.00,1073.00,1209.00
282.00,2.00,0.00,0.00,2.00,1.00,98.00,99.00,1048.00,1097.00
283.00,1.00,0.00,7.00,2.00,1.00,106.00,99.00,1223.00,1276.00
284.00,2.00,0.00,10.00,2.00,1.00,120.00,99.00,1298.00,1358.00
285.00,3.00,2.00,9.00,1.00,1.00,256.00,99.00,1273.00,1401.00
286.00,0.00,0.00,3.00,2.00,0.00,118.00,99.00,1123.00,1182.00
287.00,3.00,3.00,0.00,0.00,1.00,300.00,99.00,1048.00,1198.00
288.00,2.00,3.00,6.00,3.00,1.00,334.00,99.00,1198.00,1365.00
289.00,3.00,0.00,6.00,0.00,1.00,154.00,99.00,1198.00,1275.00
290.00,3.00,3.00,5.00,0.00,1.00,270.00,99.00,1173.00,1308.00
291.00,3.00,0.00,4.00,2.00,0.00,180.00,99.00,1148.00,1238.00
292.00,0.00,1.00,6.00,1.00,1.00,114.00,99.00,1198.00,1255.00
293.00,2.00,2.00,10.00,2.00,1.00,248.00,99.00,1298.00,1422.00
294.00,0.00,3.00,3.00,1.00,1.00,296.00,99.00,1123.00,1271.00
295.00,0.00,1.00,8.00,1.00,1.00,150.00,99.00,1248.00,1323.00
296.00,2.00,2.00,6.00,2.00,1.00,272.00,99.00,1198.00,1334.00
297.00,3.00,3.00,7.00,1.00,0.00,302.00,99.00,1223.00,1374.00
298.00,3.00,2.00,1.00,1.00,1.00,248.00,99.00,1073.00,1197.00
299.00,3.00,3.00,6.00,0.00,1.00,250.00,99.00,1198.00,1323.00
300.00,3.00,0.00,4.00,0.00,1.00,134.00,99.00,1148.00,1215.00
301.00,1.00,3.00,4.00,1.00,0.00,188.00,99.00,1148.00,1242.00
302.00,3.00,0.00,0.00,0.00,1.00,166.00,99.00,1048.00,1131.00
303.00,2.00,1.00,4.00,1.00,0.00,146.00,99.00,1148.00,1221.00
304.00,1.00,2.00,5.00,3.00,1.00,250.00,99.00,1173.00,1298.00
305.00,3.00,3.00,2.00,1.00,0.00,294.00,99.00,1098.00,1245.00
306.00,2.00,0.00,3.00,2.00,1.00,120.00,99.00,1123.00,1183.00
307.00,1.00,2.00,6.00,3.00,1.00,212.00,99.00,1198.00,1304.00
308.00,3.00,3.00,4.00,3.00,0.00,286.00,99.00,1148.00,1291.00
309.00,0.00,3.00,9.00,1.00,1.00,212.00,99.00,1273.00,1379.00
310.00,1.00,2.00,1.00,3.00,1.00,230.00,99.00,1073.00,1188.00
311.00,1.00,3.00,9.00,2.00,1.00,246.00,99.00,1273.00,1396.00
312.00,1.00,0.00,3.00,0.00,0.00,136.00,99.00,1123.00,1191.00
313.00,1.00,2.00,7.00,2.00,0.00,444.00,99.00,1223.00,1445.00
314.00,2.00,2.00,8.00,2.00,1.00,268.00,99.00,1248.00,1382.00
315.00,0.00,3.00,4.00,2.00,0.00,236.00,99.00,1148.00,1266.00
316.00,1.00,1.00,0.00,3.00,1.00,146.00,99.00,1048.00,1121.00
317.00,3.00,0.00,4.00,0.00,1.00,160.00,99.00,1148.00,1228.00
318.00,2.00,0.00,6.00,2.00,1.00,102.00,99.00,1198.00,1249.00
319.00,1.00,3.00,5.00,2.00,1.00,216.00,99.00,1173.00,1281.00
320.00,2.00,2.00,3.00,1.00,0.00,290.00,99.00,1123.00,1268.00
321.00,0.00,0.00,6.00,2.00,0.00,140.00,99.00,1198.00,1268.00
322.00,0.00,2.00,6.00,1.00,0.00,214.00,99.00,1198.00,1305.00
323.00,2.00,1.00,3.00,3.00,1.00,150.00,99.00,1123.00,1198.00
324.00,0.00,2.00,10.00,0.00,1.00,252.00,99.00,1298.00,1424.00
325.00,1.00,1.00,2.00,3.00,1.00,108.00,99.00,1098.00,1152.00
326.00,1.00,3.00,6.00,2.00,1.00,264.00,99.00,1198.00,1330.00
327.00,2.00,2.00,9.00,1.00,0.00,264.00,99.00,1273.00,1405.00
328.00,3.00,0.00,0.00,2.00,0.00,138.00,99.00,1048.00,1117.00
329.00,1.00,3.00,5.00,2.00,1.00,248.00,99.00,1173.00,1297.00
330.00,1.00,3.00,8.00,2.00,1.00,292.00,99.00,1248.00,1394.00
331.00,2.00,3.00,6.00,0.00,0.00,270.00,99.00,1198.00,1333.00
332.00,2.00,0.00,1.00,0.00,0.00,184.00,99.00,1073.00,1165.00
333.00,0.00,0.00,2.00,0.00,1.00,150.00,99.00,1098.00,1173.00
334.00,3.00,3.00,6.00,0.00,1.00,258.00,99.00,1198.00,1327.00
335.00,3.00,2.00,3.00,2.00,0.00,230.00,99.00,1123.00,1238.00
336.00,3.00,2.00,8.00,1.00,1.00,230.00,99.00,1248.00,1363.00
337.00,0.00,2.00,2.00,0.00,1.00,248.00,99.00,1098.00,1222.00
338.00,1.00,0.00,3.00,2.00,1.00,126.00,99.00,1123.00,1186.00
339.00,3.00,2.00,5.00,1.00,1.00,284.00,99.00,1173.00,1315.00
340.00,2.00,1.00,7.00,3.00,1.00,130.00,99.00,1223.00,1288.00
341.00,2.00,2.00,7.00,0.00,0.00,340.00,99.00,1223.00,1393.00
342.00,2.00,3.00,9.00,0.00,0.00,240.00,99.00,1273.00,1393.00
343.00,3.00,0.00,6.00,0.00,1.00,128.00,99.00,1198.00,1262.00
344.00,1.00,0.00,6.00,2.00,1.00,148.00,99.00,1198.00,1272.00
345.00,0.00,3.00,0.00,1.00,1.00,266.00,99.00,1048.00,1181.00
346.00,0.00,0.00,4.00,0.00,1.00,100.00,99.00,1148.00,1198.00
347.00,2.00,1.00,3.00,1.00,0.00,154.00,99.00,1123.00,1200.00
348.00,0.00,2.00,2.00,0.00,1.00,200.00,99.00,1098.00,1198.00
349.00,2.00,0.00,0.00,2.00,1.00,104.00,99.00,1048.00,1100.00
350.00,2.00,3.00,1.00,3.00,1.00,298.00,99.00,1073.00,1222.00
351.00,0.00,1.00,6.00,1.00,1.00,118.00,99.00,1198.00,1257.00
352.00,2.00,3.00,5.00,3.00,1.00,240.00,99.00,1173.00,1293.00
353.00,2.00,1.00,3.00,1.00,0.00,138.00,99.00,1123.00,1192.00
354.00,1.00,1.00,8.00,3.00,1.00,164.00,99.00,1248.00,1330.00
355.00,3.00,2.00,0.00,1.00,1.00,200.00,99.00,1048.00,1148.00
356.00,3.00,3.00,5.00,0.00,1.00,282.00,99.00,1173.00,1314.00
357.00,0.00,3.00,10.00,1.00,1.00,284.00,99.00,1298.00,1440.00
358.00,2.00,1.00,0.00,3.00,1.00,130.00,99.00,1048.00,1113.00
359.00,1.00,1.00,10.00,1.00,0.00,148.00,99.00,1298.00,1372.00
360.00,0.00,1.00,5.00,1.00,1.00,168.00,99.00,1173.00,1257.00
361.00,3.00,3.00,10.00,0.00,1.00,202.00,99.00,1298.00,1399.00
362.00,0.00,2.00,7.00,0.00,1.00,222.00,99.00,1223.00,1334.00
363.00,3.00,0.00,10.00,2.00,0.00,116.00,99.00,1298.00,1356.00
364.00,3.00,3.00,10.00,0.00,1.00,284.00,99.00,1298.00,1440.00
365.00,0.00,3.00,2.00,1.00,1.00,228.00,99.00,1098.00,1212.00
366.00,2.00,2.00,4.00,2.00,1.00,322.00,99.00,1148.00,1309.00
367.00,3.00,0.00,2.00,0.00,1.00,154.00,99.00,1098.00,1175.00
368.00,3.00,0.00,3.00,0.00,1.00,148.00,99.00,1123.00,1197.00
369.00,0.00,2.00,10.00,0.00,1.00,204.00,99.00,1298.00,1400.00
370.00,2.00,1.00,4.00,3.00,1.00,108.00,99.00,1148.00,1202.00
371.00,2.00,2.00,3.00,3.00,0.00,286.00,99.00,1123.00,1266.00
372.00,0.00,3.00,9.00,0.00,0.00,236.00,99.00,1273.00,1391.00
373.00,3.00,1.00,10.00,1.00,1.00,112.00,99.00,1298.00,1354.00
374.00,2.00,1.00,1.00,3.00,1.00,104.00,99.00,1073.00,1125.00
375.00,1.00,2.00,5.00,0.00,0.00,304.00,99.00,1173.00,1325.00
376.00,1.00,3.00,3.00,3.00,0.00,234.00,99.00,1123.00,1240.00
377.00,1.00,3.00,1.00,2.00,1.00,320.00,99.00,1073.00,1233.00
378.00,0.00,1.00,8.00,3.00,0.00,170.00,99.00,1248.00,1333.00
379.00,1.00,1.00,4.00,3.00,1.00,124.00,99.00,1148.00,1210.00
380.00,2.00,2.00,5.00,2.00,1.00,220.00,99.00,1173.00,1283.00
381.00,0.00,2.00,10.00,0.00,1.00,264.00,99.00,1298.00,1430.00
382.00,0.00,2.00,1.00,0.00,1.00,184.00,99.00,1073.00,1165.00
383.00,0.00,2.00,4.00,1.00,0.00,236.00,99.00,1148.00,1266.00
384.00,1.00,0.00,4.00,0.00,0.00,106.00,99.00,1148.00,1201.00
385.00,2.00,3.00,2.00,1.00,0.00,298.00,99.00,1098.00,1247.00
386.00,0.00,1.00,2.00,1.00,1.00,110.00,99.00,1098.00,1153.00
387.00,2.00,1.00,9.00,3.00,1.00,142.00,99.00,1273.00,1344.00
388.00,3.00,3.00,10.00,0.00,1.00,196.00,99.00,1298.00,1396.00
389.00,0.00,2.00,5.00,1.00,0.00,252.00,99.00,1173.00,1299.00
390.00,2.00,2.00,2.00,3.00,0.00,202.00,99.00,1098.00,1199.00
391.00,0.00,0.00,6.00,0.00,1.00,104.00,99.00,1198.00,1250.00
392.00,0.00,1.00,0.00,1.00,1.00,148.00,99.00,1048.00,1122.00
393.00,2.00,1.00,0.00,3.00,1.00,128.00,99.00,1048.00,1112.00
394.00,3.00,2.00,4.00,1.00,1.00,272.00,99.00,1148.00,1284.00
395.00,2.00,1.00,5.00,1.00,0.00,166.00,99.00,1173.00,1256.00
396.00,1.00,3.00,7.00,3.00,0.00,356.00,99.00,1223.00,1401.00
397.00,1.00,0.00,7.00,2.00,1.00,106.00,99.00,1223.00,1276.00
398.00,1.00,0.00,2.00,2.00,1.00,116.00,99.00,1098.00,1156.00
399.00,2.00,0.00,1.00,2.00,1.00,104.00,99.00,1073.00,1125.00
400.00,0.00,0.00,3.00,0.00,1.00,126.00,99.00,1123.00,1186.00
401.00,1.00,2.00,10.00,2.00,0.00,252.00,99.00,1298.00,1424.00
402.00,3.00,1.00,8.00,1.00,1.00,148.00,99.00,1248.00,1322.00
403.00,0.00,0.00,3.00,2.00,0.00,146.00,99.00,1123.00,1196.00
404.00,2.00,3.00,5.00,3.00,1.00,254.00,99.00,1173.00,1300.00
405.00,1.00,0.00,0.00,2.00,1.00,142.00,99.00,1048.00,1119.00
406.00,3.00,3.00,6.00,0.00,1.00,252.00,99.00,1198.00,1324.00
407.00,2.00,3.00,1.00,3.00,1.00,248.00,99.00,1073.00,1197.00
408.00,0.00,2.00,4.00,0.00,1.00,266.00,99.00,1148.00,1281.00
409.00,3.00,1.00,3.00,1.00,1.00,126.00,99.00,1123.00,1186.00
410.00,1.00,0.00,9.00,2.00,1.00,78.00,99.00,1273.00,1312.00
411.00,1.00,0.00,10.00,0.00,0.00,110.00,99.00,1298.00,1353.00
412.00,0.00,0.00,5.00,0.00,1.00,114.00,99.00,1173.00,1230.00
413.00,1.00,1.00,9.00,3.00,1.00,152.00,99.00,1273.00,1349.00
414.00,3.00,3.00,3.00,1.00,0.00,298.00,99.00,1123.00,1272.00
415.00,0.00,3.00,3.00,3.00,0.00,318.00,99.00,1123.00,1282.00
416.00,0.00,0.00,1.00,0.00,1.00,98.00,99.00,1073.00,1122.00
417.00,3.00,0.00,7.00,0.00,1.00,128.00,99.00,1223.00,1287.00
418.00,2.00,2.00,5.00,2.00,1.00,240.00,99.00,1173.00,1293.00
419.00,0.00,2.00,1.00,0.00,1.00,238.00,99.00,1073.00,1192.00
420.00,0.00,2.00,4.00,0.00,1.00,280.00,99.00,1148.00,1288.00
421.00,2.00,2.00,1.00,2.00,1.00,270.00,99.00,1073.00,1208.00
422.00,0.00,3.00,3.00,1.00,1.00,200.00,99.00,1123.00,1223.00
423.00,3.00,2.00,7.00,1.00,1.00,304.00,99.00,1223.00,1375.00
424.00,0.00,2.00,3.00,0.00,1.00,258.00,99.00,1123.00,1252.00
425.00,0.00,1.00,0.00,1.00,1.00,104.00,99.00,1048.00,1100.00
426.00,1.00,2.00,9.00,0.00,0.00,226.00,99.00,1273.00,1386.00
427.00,0.00,1.00,4.00,1.00,1.00,152.00,99.00,1148.00,1224.00
428.00,3.00,1.00,5.00,3.00,0.00,132.00,99.00,1173.00,1239.00
429.00,0.00,1.00,10.00,1.00,1.00,158.00,99.00,1298.00,1377.00
430.00,2.00,3.00,8.00,2.00,0.00,270.00,99.00,1248.00,1383.00
431.00,2.00,2.00,1.00,2.00,1.00,286.00,99.00,1073.00,1216.00
432.00,2.00,1.00,0.00,3.00,1.00,194.00,99.00,1048.00,1145.00
433.00,2.00,1.00,6.00,3.00,1.00,104.00,99.00,1198.00,1250.00
434.00,0.00,1.00,2.00,1.00,1.00,120.00,99.00,1098.00,1158.00
435.00,1.00,2.00,6.00,3.00,1.00,252.00,99.00,1198.00,1324.00
436.00,0.00,3.00,6.00,1.00,1.00,278.00,99.00,1198.00,1337.00
437.00,3.00,3.00,1.00,0.00,1.00,202.00,99.00,1073.00,1174.00
438.00,1.00,0.00,9.00,2.00,1.00,124.00,99.00,1273.00,1335.00
439.00,1.00,2.00,8.00,3.00,1.00,280.00,99.00,1248.00,1388.00
440.00,3.00,3.00,8.00,0.00,1.00,212.00,99.00,1248.00,1354.00
441.00,1.00,3.00,3.00,2.00,1.00,166.00,99.00,1123.00,1206.00
442.00,3.00,3.00,5.00,1.00,0.00,260.00,99.00,1173.00,1303.00
443.00,2.00,3.00,8.00,3.00,1.00,256.00,99.00,1248.00,1376.00
444.00,2.00,0.00,9.00,0.00,0.00,176.00,99.00,1273.00,1361.00
445.00,1.00,1.00,8.00,1.00,0.00,140.00,99.00,1248.00,1318.00
446.00,2.00,2.00,0.00,3.00,0.00,264.00,99.00,1048.00,1180.00
447.00,3.00,1.00,6.00,1.00,1.00,134.00,99.00,1198.00,1265.00
448.00,0.00,0.00,1.00,0.00,1.00,158.00,99.00,1073.00,1152.00
449.00,0.00,2.00,9.00,2.00,0.00,306.00,99.00,1273.00,1426.00
450.00,1.00,1.00,5.00,1.00,0.00,136.00,99.00,1173.00,1241.00
451.00,0.00,0.00,7.00,0.00,1.00,132.00,99.00,1223.00,1289.00
452.00,2.00,3.00,4.00,2.00,0.00,358.00,99.00,1148.00,1327.00
453.00,0.00,3.00,4.00,2.00,0.00,244.00,99.00,1148.00,1270.00
454.00,1.00,0.00,0.00,0.00,0.00,134.00,99.00,1048.00,1115.00
455.00,2.00,1.00,7.00,1.00,0.00,146.00,99.00,1223.00,1296.00
456.00,0.00,1.00,5.00,1.00,1.00,146.00,99.00,1173.00,1246.00
457.00,2.00,2.00,2.00,2.00,1.00,360.00,99.00,1098.00,1278.00
458.00,3.00,0.00,3.00,0.00,1.00,132.00,99.00,1123.00,1189.00
459.00,2.00,1.00,6.00,1.00,0.00,146.00,99.00,1198.00,1271.00
460.00,2.00,3.00,3.00,3.00,1.00,204.00,99.00,1123.00,1225.00
461.00,3.00,0.00,1.00,0.00,1.00,122.00,99.00,1073.00,1134.00
462.00,2.00,1.00,9.00,3.00,1.00,148.00,99.00,1273.00,1347.00
463.00,0.00,3.00,8.00,2.00,0.00,252.00,99.00,1248.00,1374.00
464.00,3.00,0.00,7.00,0.00,1.00,114.00,99.00,1223.00,1280.00
465.00,1.00,1.00,1.00,3.00,1.00,164.00,99.00,1073.00,1155.00
466.00,3.00,3.00,1.00,0.00,1.00,240.00,99.00,1073.00,1193.00
467.00,0.00,1.00,10.00,1.00,1.00,146.00,99.00,1298.00,1371.00
468.00,1.00,3.00,10.00,2.00,1.00,220.00,99.00,1298.00,1408.00
469.00,2.00,1.00,2.00,3.00,1.00,116.00,99.00,1098.00,1156.00
470.00,0.00,0.00,5.00,0.00,1.00,114.00,99.00,1173.00,1230.00
471.00,1.00,2.00,4.00,3.00,1.00,254.00,99.00,1148.00,1275.00
472.00,2.00,2.00,10.00,2.00,1.00,254.00,99.00,1298.00,1425.00
473.00,3.00,0.00,0.00,0.00,1.00,164.00,99.00,1048.00,1130.00
474.00,2.00,2.00,4.00,1.00,0.00,236.00,99.00,1148.00,1266.00
475.00,1.00,1.00,9.00,3.00,1.00,94.00,99.00,1273.00,1320.00
476.00,1.00,3.00,1.00,2.00,1.00,276.00,99.00,1073.00,1211.00
477.00,2.00,1.00,2.00,1.00,0.00,148.00,99.00,1098.00,1172.00
478.00,0.00,1.00,2.00,3.00,0.00,140.00,99.00,1098.00,1168.00
479.00,3.00,3.00,0.00,0.00,1.00,296.00,99.00,1048.00,1196.00
480.00,0.00,0.00,6.00,0.00,1.00,156.00,99.00,1198.00,1276.00
481.00,0.00,2.00,1.00,0.00,1.00,222.00,99.00,1073.00,1184.00
482.00,1.00,2.00,3.00,3.00,1.00,228.00,99.00,1123.00,1237.00
483.00,2.00,3.00,10.00,3.00,1.00,240.00,99.00,1298.00,1418.00
484.00,1.00,0.00,4.00,0.00,0.00,124.00,99.00,1148.00,1210.00
485.00,1.00,3.00,6.00,2.00,1.00,276.00,99.00,1198.00,1336.00
486.00,0.00,2.00,3.00,1.00,0.00,238.00,99.00,1123.00,1242.00
487.00,1.00,0.00,6.00,2.00,1.00,138.00,99.00,1198.00,1267.00
488.00,2.00,3.00,9.00,2.00,0.00,222.00,99.00,1273.00,1384.00
489.00,1.00,2.00,0.00,3.00,1.00,216.00,99.00,1048.00,1156.00
490.00,3.00,0.00,7.00,0.00,1.00,134.00,99.00,1223.00,1290.00
491.00,1.00,3.00,9.00,2.00,1.00,258.00,99.00,1273.00,1402.00
492.00,0.00,0.00,9.00,2.00,0.00,152.00,99.00,1273.00,1349.00
493.00,0.00,1.00,2.00,1.00,1.00,130.00,99.00,1098.00,1163.00
494.00,2.00,1.00,2.00,1.00,0.00,180.00,99.00,1098.00,1188.00
495.00,0.00,2.00,8.00,0.00,1.00,306.00,99.00,1248.00,1401.00
496.00,2.00,0.00,9.00,2.00,1.00,76.00,99.00,1273.00,1311.00
497.00,2.00,1.00,5.00,3.00,1.00,158.00,99.00,1173.00,1252.00
498.00,1.00,1.00,10.00,1.00,0.00,136.00,99.00,1298.00,1366.00
499.00,1.00,0.00,0.00,2.00,1.00,120.00,99.00,1048.00,1108.00
500.00,0.00,1.00,9.00,1.00,1.00,176.00,99.00,1273.00,1361.00
501.00,3.00,3.00,2.00,3.00,0.00,218.00,99.00,1098.00,1207.00
502.00,0.00,1.00,6.00,3.00,0.00,142.00,99.00,1198.00,1269.00
503.00,1.00,0.00,1.00,2.00,1.00,98.00,99.00,1073.00,1122.00
504.00,1.00,1.00,5.00,3.00,1.00,152.00,99.00,1173.00,1249.00
505.00,3.00,2.00,10.00,1.00,1.00,212.00,99.00,1298.00,1404.00
506.00,3.00,3.00,5.00,0.00,1.00,200.00,99.00,1173.00,1273.00
507.00,3.00,0.00,6.00,2.00,0.00,154.00,99.00,1198.00,1275.00
508.00,1.00,3.00,2.00,2.00,1.00,188.00,99.00,1098.00,1192.00
509.00,1.00,1.00,7.00,3.00,1.00,114.00,99.00,1223.00,1280.00
510.00,2.00,1.00,2.00,3.00,1.00,160.00,99.00,1098.00,1178.00
511.00,3.00,1.00,4.00,1.00,1.00,170.00,99.00,1148.00,1233.00
512.00,1.00,0.00,10.00,2.00,1.00,118.00,99.00,1298.00,1357.00
513.00,3.00,2.00,6.00,1.00,1.00,220.00,99.00,1198.00,1308.00
514.00,0.00,3.00,8.00,1.00,1.00,276.00,99.00,1248.00,1386.00
515.00,2.00,3.00,10.00,3.00,1.00,226.00,99.00,1298.00,1411.00
516.00,3.00,1.00,5.00,1.00,1.00,104.00,99.00,1173.00,1225.00
517.00,3.00,1.00,4.00,1.00,1.00,108.00,99.00,1148.00,1202.00
518.00,0.00,3.00,0.00,1.00,1.00,322.00,99.00,1048.00,1209.00
519.00,3.00,0.00,2.00,2.00,0.00,154.00,99.00,1098.00,1175.00
520.00,0.00,0.00,0.00,0.00,1.00,150.00,99.00,1048.00,1123.00
521.00,1.00,1.00,4.00,1.00,0.00,174.00,99.00,1148.00,1235.00
522.00,0.00,2.00,0.00,0.00,1.00,278.00,99.00,1048.00,1187.00
523.00,1.00,2.00,1.00,3.00,1.00,286.00,99.00,1073.00,1216.00
524.00,1.00,0.00,0.00,0.00,0.00,180.00,99.00,1048.00,1138.00
525.00,1.00,0.00,1.00,2.00,1.00,130.00,99.00,1073.00,1138.00
526.00,1.00,0.00,10.00,2.00,1.00,130.00,99.00,1298.00,1363.00
527.00,3.00,1.00,8.00,1.00,1.00,112.00,99.00,1248.00,1304.00
528.00,3.00,3.00,1.00,0.00,1.00,164.00,99.00,1073.00,1155.00
529.00,3.00,2.00,0.00,3.00,0.00,248.00,99.00,1048.00,1172.00
530.00,0.00,3.00,5.00,1.00,1.00,220.00,99.00,1173.00,1283.00
531.00,2.00,1.00,4.00,1.00,0.00,174.00,99.00,1148.00,1235.00
532.00,0.00,1.00,5.00,1.00,1.00,134.00,99.00,1173.00,1240.00
533.00,1.00,1.00,7.00,1.00,0.00,160.00,99.00,1223.00,1303.00
534.00,0.00,0.00,2.00,0.00,1.00,108.00,99.00,1098.00,1152.00
535.00,0.00,1.00,3.00,1.00,1.00,138.00,99.00,1123.00,1192.00
536.00,0.00,0.00,9.00,0.00,1.00,130.00,99.00,1273.00,1338.00
537.00,1.00,3.00,1.00,1.00,0.00,332.00,99.00,1073.00,1239.00
538.00,1.00,2.00,1.00,0.00,0.00,222.00,99.00,1073.00,1184.00
539.00,2.00,3.00,0.00,0.00,0.00,222.00,99.00,1048.00,1159.00
540.00,1.00,2.00,5.00,3.00,1.00,234.00,99.00,1173.00,1290.00
541.00,3.00,2.00,2.00,0.00,0.00,330.00,99.00,1098.00,1263.00
542.00,3.00,1.00,9.00,1.00,1.00,158.00,99.00,1273.00,1352.00
543.00,2.00,2.00,5.00,1.00,0.00,288.00,99.00,1173.00,1317.00
544.00,2.00,3.00,1.00,3.00,1.00,226.00,99.00,1073.00,1186.00
545.00,0.00,0.00,7.00,0.00,1.00,106.00,99.00,1223.00,1276.00
546.00,2.00,3.00,0.00,3.00,1.00,326.00,99.00,1048.00,1211.00
547.00,3.00,3.00,8.00,0.00,1.00,274.00,99.00,1248.00,1385.00
548.00,1.00,3.00,6.00,2.00,1.00,210.00,99.00,1198.00,1303.00
549.00,2.00,3.00,7.00,1.00,0.00,306.00,99.00,1223.00,1376.00
550.00,3.00,3.00,4.00,0.00,1.00,228.00,99.00,1148.00,1262.00
551.00,2.00,0.00,10.00,2.00,1.00,156.00,99.00,1298.00,1376.00
552.00,2.00,0.00,2.00,0.00,0.00,120.00,99.00,1098.00,1158.00
553.00,0.00,3.00,9.00,0.00,0.00,262.00,99.00,1273.00,1404.00
554.00,2.00,2.00,4.00,2.00,1.00,262.00,99.00,1148.00,1279.00
555.00,1.00,0.00,6.00,2.00,1.00,132.00,99.00,1198.00,1264.00
556.00,0.00,0.00,2.00,0.00,1.00,120.00,99.00,1098.00,1158.00
557.00,3.00,0.00,10.00,0.00,1.00,112.00,99.00,1298.00,1354.00
558.00,0.00,0.00,4.00,0.00,1.00,134.00,99.00,1148.00,1215.00
559.00,3.00,2.00,8.00,1.00,1.00,248.00,99.00,1248.00,1372.00
560.00,1.00,2.00,10.00,3.00,1.00,286.00,99.00,1298.00,1441.00
561.00,1.00,1.00,9.00,3.00,1.00,154.00,99.00,1273.00,1350.00
562.00,1.00,3.00,0.00,2.00,1.00,184.00,99.00,1048.00,1140.00
563.00,0.00,3.00,0.00,1.00,1.00,224.00,99.00,1048.00,1160.00
564.00,2.00,1.00,8.00,3.00,1.00,122.00,99.00,1248.00,1309.00
565.00,1.00,3.00,4.00,1.00,0.00,266.00,99.00,1148.00,1281.00
566.00,3.00,1.00,10.00,1.00,1.00,138.00,99.00,1298.00,1367.00
567.00,0.00,2.00,10.00,0.00,1.00,196.00,99.00,1298.00,1396.00
568.00,3.00,1.00,2.00,3.00,0.00,126.00,99.00,1098.00,1161.00
569.00,3.00,1.00,0.00,1.00,1.00,156.00,99.00,1048.00,1126.00
570.00,0.00,2.00,10.00,2.00,0.00,238.00,99.00,1298.00,1417.00
571.00,3.00,1.00,3.00,3.00,0.00,156.00,99.00,1123.00,1201.00
572.00,0.00,0.00,8.00,0.00,1.00,142.00,99.00,1248.00,1319.00
573.00,1.00,0.00,7.00,2.00,1.00,138.00,99.00,1223.00,1292.00
574.00,0.00,3.00,8.00,1.00,1.00,338.00,99.00,1248.00,1417.00
575.00,0.00,1.00,6.00,1.00,1.00,140.00,99.00,1198.00,1268.00
576.00,1.00,1.00,10.00,3.00,1.00,108.00,99.00,1298.00,1352.00
577.00,0.00,2.00,7.00,1.00,0.00,298.00,99.00,1223.00,1372.00
578.00,2.00,2.00,5.00,2.00,1.00,216.00,99.00,1173.00,1281.00
579.00,0.00,3.00,2.00,1.00,1.00,194.00,99.00,1098.00,1195.00
580.00,2.00,3.00,2.00,3.00,1.00,202.00,99.00,1098.00,1199.00
581.00,0.00,2.00,5.00,0.00,1.00,246.00,99.00,1173.00,1296.00
582.00,3.00,3.00,4.00,2.00,0.00,248.00,99.00,1148.00,1272.00
583.00,0.00,2.00,3.00,0.00,1.00,246.00,99.00,1123.00,1246.00
584.00,3.00,0.00,6.00,0.00,1.00,142.00,99.00,1198.00,1269.00
585.00,1.00,3.00,4.00,1.00,0.00,234.00,99.00,1148.00,1265.00
586.00,1.00,3.00,9.00,2.00,1.00,174.00,99.00,1273.00,1360.00
587.00,2.00,3.00,10.00,3.00,1.00,180.00,99.00,1298.00,1388.00
588.00,0.00,1.00,9.00,3.00,0.00,142.00,99.00,1273.00,1344.00
589.00,1.00,2.00,9.00,3.00,1.00,226.00,99.00,1273.00,1386.00
590.00,1.00,2.00,8.00,3.00,1.00,250.00,99.00,1248.00,1373.00
591.00,1.00,3.00,9.00,2.00,1.00,242.00,99.00,1273.00,1394.00
592.00,2.00,0.00,0.00,2.00,1.00,166.00,99.00,1048.00,1131.00
593.00,0.00,2.00,6.00,1.00,0.00,274.00,99.00,1198.00,1335.00
594.00,1.00,1.00,1.00,3.00,1.00,114.00,99.00,1073.00,1130.00
595.00,1.00,3.00,10.00,2.00,1.00,274.00,99.00,1298.00,1435.00
596.00,2.00,3.00,9.00,3.00,1.00,232.00,99.00,1273.00,1389.00
597.00,1.00,1.00,3.00,3.00,1.00,138.00,99.00,1123.00,1192.00
598.00,2.00,0.00,2.00,2.00,1.00,132.00,99.00,1098.00,1164.00
599.00,3.00,1.00,7.00,1.00,1.00,122.00,99.00,1223.00,1284.00
600.00,0.00,1.00,3.00,3.00,0.00,160.00,99.00,1123.00,1203.00
601.00,2.00,0.00,0.00,2.00,1.00,126.00,99.00,1048.00,1111.00
602.00,1.00,2.00,2.00,3.00,1.00,270.00,99.00,1098.00,1233.00
603.00,1.00,3.00,8.00,2.00,1.00,286.00,99.00,1248.00,1391.00
604.00,0.00,2.00,8.00,0.00,1.00,208.00,99.00,1248.00,1352.00
605.00,1.00,1.00,3.00,3.00,1.00,134.00,99.00,1123.00,1190.00
606.00,0.00,2.00,8.00,1.00,0.00,362.00,99.00,1248.00,1429.00
607.00,3.00,3.00,4.00,0.00,1.00,272.00,99.00,1148.00,1284.00
608.00,3.00,2.00,1.00,1.00,1.00,268.00,99.00,1073.00,1207.00
609.00,1.00,2.00,6.00,3.00,1.00,278.00,99.00,1198.00,1337.00
610.00,3.00,1.00,1.00,1.00,1.00,126.00,99.00,1073.00,1136.00
611.00,0.00,3.00,3.00,1.00,1.00,300.00,99.00,1123.00,1273.00
612.00,1.00,1.00,3.00,3.00,1.00,114.00,99.00,1123.00,1180.00
613.00,0.00,2.00,8.00,0.00,1.00,314.00,99.00,1248.00,1405.00
614.00,3.00,3.00,10.00,0.00,1.00,222.00,99.00,1298.00,1409.00
615.00,2.00,1.00,4.00,3.00,1.00,92.00,99.00,1148.00,1194.00
616.00,1.00,2.00,6.00,3.00,1.00,246.00,99.00,1198.00,1321.00
617.00,0.00,2.00,9.00,0.00,1.00,206.00,99.00,1273.00,1376.00
618.00,3.00,1.00,4.00,1.00,1.00,100.00,99.00,1148.00,1198.00
619.00,0.00,0.00,7.00,2.00,0.00,148.00,99.00,1223.00,1297.00
620.00,2.00,3.00,4.00,3.00,1.00,174.00,99.00,1148.00,1235.00
621.00,0.00,0.00,5.00,2.00,0.00,138.00,99.00,1173.00,1242.00
622.00,0.00,3.00,7.00,1.00,1.00,328.00,99.00,1223.00,1387.00
623.00,0.00,1.00,4.00,1.00,1.00,114.00,99.00,1148.00,1205.00
624.00,1.00,3.00,8.00,2.00,1.00,260.00,99.00,1248.00,1378.00
625.00,2.00,1.00,7.00,1.00,0.00,124.00,99.00,1223.00,1285.00
626.00,1.00,0.00,10.00,2.00,1.00,154.00,99.00,1298.00,1375.00
627.00,2.00,2.00,6.00,2.00,1.00,228.00,99.00,1198.00,1312.00
628.00,3.00,2.00,6.00,1.00,1.00,232.00,99.00,1198.00,1314.00
629.00,3.00,0.00,9.00,0.00,1.00,142.00,99.00,1273.00,1344.00
630.00,2.00,2.00,0.00,2.00,1.00,256.00,99.00,1048.00,1176.00
631.00,3.00,1.00,6.00,1.00,1.00,132.00,99.00,1198.00,1264.00
632.00,3.00,1.00,9.00,1.00,1.00,128.00,99.00,1273.00,1337.00
633.00,2.00,0.00,8.00,0.00,0.00,156.00,99.00,1248.00,1326.00
634.00,3.00,2.00,10.00,0.00,0.00,268.00,99.00,1298.00,1432.00
635.00,0.00,0.00,8.00,0.00,1.00,102.00,99.00,1248.00,1299.00
636.00,2.00,2.00,3.00,2.00,1.00,260.00,99.00,1123.00,1253.00
637.00,2.00,1.00,7.00,3.00,1.00,124.00,99.00,1223.00,1285.00
638.00,3.00,3.00,3.00,0.00,1.00,274.00,99.00,1123.00,1260.00
639.00,1.00,2.00,0.00,3.00,1.00,268.00,99.00,1048.00,1182.00
640.00,0.00,3.00,9.00,1.00,1.00,224.00,99.00,1273.00,1385.00
641.00,0.00,3.00,9.00,0.00,0.00,250.00,99.00,1273.00,1398.00
642.00,0.00,0.00,10.00,0.00,1.00,104.00,99.00,1298.00,1350.00
643.00,0.00,0.00,4.00,2.00,0.00,130.00,99.00,1148.00,1213.00
644.00,3.00,2.00,9.00,1.00,1.00,214.00,99.00,1273.00,1380.00
645.00,0.00,0.00,9.00,2.00,0.00,166.00,99.00,1273.00,1356.00
646.00,3.00,1.00,2.00,1.00,1.00,130.00,99.00,1098.00,1163.00
647.00,0.00,0.00,4.00,0.00,1.00,138.00,99.00,1148.00,1217.00
648.00,1.00,2.00,5.00,0.00,0.00,270.00,99.00,1173.00,1308.00
649.00,1.00,3.00,10.00,1.00,0.00,252.00,99.00,1298.00,1424.00
650.00,2.00,3.00,4.00,3.00,1.00,258.00,99.00,1148.00,1277.00
651.00,0.00,2.00,2.00,0.00,1.00,274.00,99.00,1098.00,1235.00
652.00,3.00,1.00,0.00,1.00,1.00,104.00,99.00,1048.00,1100.00
653.00,3.00,3.00,7.00,0.00,1.00,316.00,99.00,1223.00,1381.00
654.00,2.00,0.00,7.00,2.00,1.00,138.00,99.00,1223.00,1292.00
655.00,1.00,0.00,7.00,2.00,1.00,132.00,99.00,1223.00,1289.00
656.00,3.00,0.00,1.00,0.00,1.00,94.00,99.00,1073.00,1120.00
657.00,0.00,2.00,5.00,2.00,0.00,328.00,99.00,1173.00,1337.00
658.00,2.00,3.00,10.00,3.00,1.00,204.00,99.00,1298.00,1400.00
659.00,3.00,0.00,0.00,2.00,0.00,136.00,99.00,1048.00,1116.00
660.00,3.00,1.00,9.00,1.00,1.00,142.00,99.00,1273.00,1344.00
661.00,2.00,3.00,0.00,3.00,1.00,204.00,99.00,1048.00,1150.00
662.00,1.00,3.00,10.00,2.00,1.00,292.00,99.00,1298.00,1444.00
663.00,3.00,3.00,4.00,3.00,0.00,206.00,99.00,1148.00,1251.00
664.00,1.00,1.00,10.00,1.00,0.00,168.00,99.00,1298.00,1382.00
665.00,1.00,0.00,2.00,2.00,1.00,140.00,99.00,1098.00,1168.00
666.00,2.00,1.00,1.00,3.00,1.00,134.00,99.00,1073.00,1140.00
667.00,1.00,0.00,2.00,0.00,0.00,128.00,99.00,1098.00,1162.00
668.00,3.00,0.00,2.00,0.00,1.00,112.00,99.00,1098.00,1154.00
669.00,1.00,3.00,3.00,2.00,1.00,182.00,99.00,1123.00,1214.00
670.00,2.00,1.00,10.00,3.00,1.00,136.00,99.00,1298.00,1366.00
671.00,1.00,2.00,3.00,2.00,0.00,314.00,99.00,1123.00,1280.00
672.00,3.00,2.00,10.00,1.00,1.00,310.00,99.00,1298.00,1453.00
673.00,1.00,1.00,0.00,1.00,0.00,144.00,99.00,1048.00,1120.00
674.00,2.00,0.00,6.00,2.00,1.00,152.00,99.00,1198.00,1274.00
675.00,2.00,2.00,2.00,2.00,1.00,192.00,99.00,1098.00,1194.00
676.00,1.00,2.00,8.00,3.00,1.00,390.00,99.00,1248.00,1443.00
677.00,2.00,1.00,3.00,3.00,1.00,140.00,99.00,1123.00,1193.00
678.00,2.00,3.00,1.00,3.00,1.00,266.00,99.00,1073.00,1206.00
679.00,3.00,3.00,10.00,0.00,1.00,262.00,99.00,1298.00,1429.00
680.00,2.00,1.00,6.00,3.00,1.00,120.00,99.00,1198.00,1258.00
681.00,1.00,2.00,4.00,3.00,1.00,348.00,99.00,1148.00,1322.00
682.00,1.00,1.00,3.00,1.00,0.00,130.00,99.00,1123.00,1188.00
683.00,2.00,2.00,2.00,1.00,0.00,232.00,99.00,1098.00,1214.00
684.00,1.00,1.00,6.00,1.00,0.00,144.00,99.00,1198.00,1270.00
685.00,2.00,2.00,10.00,2.00,1.00,238.00,99.00,1298.00,1417.00
686.00,0.00,0.00,10.00,0.00,1.00,154.00,99.00,1298.00,1375.00
687.00,0.00,3.00,5.00,1.00,1.00,260.00,99.00,1173.00,1303.00
688.00,1.00,0.00,0.00,0.00,0.00,156.00,99.00,1048.00,1126.00
689.00,3.00,1.00,5.00,1.00,1.00,148.00,99.00,1173.00,1247.00
690.00,2.00,3.00,10.00,3.00,1.00,290.00,99.00,1298.00,1443.00
691.00,1.00,3.00,2.00,2.00,1.00,186.00,99.00,1098.00,1191.00
692.00,3.00,1.00,10.00,1.00,1.00,146.00,99.00,1298.00,1371.00
693.00,0.00,0.00,9.00,0.00,1.00,126.00,99.00,1273.00,1336.00
694.00,0.00,0.00,6.00,0.00,1.00,130.00,99.00,1198.00,1263.00
695.00,2.00,2.00,0.00,3.00,0.00,260.00,99.00,1048.00,1178.00
696.00,2.00,1.00,10.00,1.00,0.00,114.00,99.00,1298.00,1355.00
697.00,3.00,3.00,0.00,0.00,1.00,352.00,99.00,1048.00,1224.00
698.00,3.00,3.00,1.00,0.00,1.00,194.00,99.00,1073.00,1170.00
699.00,3.00,0.00,3.00,0.00,1.00,136.00,99.00,1123.00,1191.00
700.00,2.00,2.00,3.00,2.00,1.00,206.00,99.00,1123.00,1226.00
701.00,3.00,2.00,0.00,1.00,1.00,208.00,99.00,1048.00,1152.00
702.00,3.00,0.00,0.00,0.00,1.00,100.00,99.00,1048.00,1098.00
703.00,1.00,3.00,7.00,2.00,1.00,386.00,99.00,1223.00,1416.00
704.00,1.00,1.00,5.00,1.00,0.00,162.00,99.00,1173.00,1254.00
705.00,3.00,1.00,4.00,3.00,0.00,134.00,99.00,1148.00,1215.00
706.00,2.00,3.00,2.00,3.00,1.00,290.00,99.00,1098.00,1243.00
707.00,0.00,2.00,8.00,3.00,0.00,242.00,99.00,1248.00,1369.00
708.00,1.00,1.00,6.00,3.00,1.00,144.00,99.00,1198.00,1270.00
709.00,2.00,0.00,4.00,2.00,1.00,144.00,99.00,1148.00,1220.00
710.00,3.00,2.00,1.00,1.00,1.00,246.00,99.00,1073.00,1196.00
711.00,1.00,2.00,7.00,2.00,0.00,324.00,99.00,1223.00,1385.00
712.00,3.00,1.00,1.00,1.00,1.00,110.00,99.00,1073.00,1128.00
713.00,3.00,2.00,4.00,1.00,1.00,410.00,99.00,1148.00,1353.00
714.00,1.00,2.00,6.00,3.00,1.00,192.00,99.00,1198.00,1294.00
715.00,0.00,2.00,1.00,0.00,1.00,360.00,99.00,1073.00,1253.00
716.00,3.00,3.00,0.00,0.00,1.00,262.00,99.00,1048.00,1179.00
717.00,1.00,0.00,8.00,2.00,1.00,112.00,99.00,1248.00,1304.00
718.00,3.00,1.00,7.00,1.00,1.00,152.00,99.00,1223.00,1299.00
719.00,3.00,0.00,10.00,2.00,0.00,116.00,99.00,1298.00,1356.00
720.00,3.00,3.00,9.00,0.00,1.00,214.00,99.00,1273.00,1380.00
721.00,3.00,0.00,10.00,0.00,1.00,142.00,99.00,1298.00,1369.00
722.00,3.00,0.00,1.00,0.00,1.00,182.00,99.00,1073.00,1164.00
723.00,3.00,3.00,9.00,0.00,1.00,236.00,99.00,1273.00,1391.00
724.00,3.00,3.00,8.00,0.00,1.00,238.00,99.00,1248.00,1367.00
725.00,3.00,0.00,8.00,0.00,1.00,166.00,99.00,1248.00,1331.00
726.00,0.00,1.00,1.00,3.00,0.00,138.00,99.00,1073.00,1142.00
727.00,3.00,2.00,8.00,1.00,1.00,276.00,99.00,1248.00,1386.00
728.00,3.00,2.00,5.00,1.00,1.00,220.00,99.00,1173.00,1283.00
729.00,1.00,3.00,7.00,2.00,1.00,256.00,99.00,1223.00,1351.00
730.00,2.00,0.00,10.00,0.00,0.00,160.00,99.00,1298.00,1378.00
731.00,0.00,0.00,0.00,0.00,1.00,110.00,99.00,1048.00,1103.00
732.00,1.00,0.00,5.00,2.00,1.00,96.00,99.00,1173.00,1221.00
733.00,0.00,0.00,1.00,2.00,0.00,138.00,99.00,1073.00,1142.00
734.00,3.00,3.00,7.00,1.00,0.00,314.00,99.00,1223.00,1380.00
735.00,2.00,2.00,7.00,1.00,0.00,302.00,99.00,1223.00,1374.00
736.00,0.00,3.00,8.00,1.00,1.00,226.00,99.00,1248.00,1361.00
737.00,3.00,2.00,9.00,1.00,1.00,278.00,99.00,1273.00,1412.00
738.00,2.00,1.00,10.00,3.00,1.00,124.00,99.00,1298.00,1360.00
739.00,3.00,0.00,6.00,0.00,1.00,124.00,99.00,1198.00,1260.00
740.00,1.00,1.00,3.00,3.00,1.00,130.00,99.00,1123.00,1188.00
741.00,1.00,1.00,7.00,3.00,1.00,126.00,99.00,1223.00,1286.00
742.00,2.00,3.00,9.00,3.00,1.00,214.00,99.00,1273.00,1380.00
743.00,1.00,0.00,9.00,2.00,1.00,86.00,99.00,1273.00,1316.00
744.00,1.00,0.00,6.00,0.00,0.00,136.00,99.00,1198.00,1266.00
745.00,3.00,0.00,4.00,2.00,0.00,102.00,99.00,1148.00,1199.00
746.00,0.00,0.00,7.00,0.00,1.00,160.00,99.00,1223.00,1303.00
747.00,2.00,2.00,0.00,2.00,1.00,284.00,99.00,1048.00,1190.00
748.00,0.00,1.00,4.00,1.00,1.00,98.00,99.00,1148.00,1197.00
749.00,1.00,3.00,4.00,2.00,1.00,262.00,99.00,1148.00,1279.00
750.00,2.00,1.00,6.00,3.00,1.00,114.00,99.00,1198.00,1255.00
751.00,0.00,2.00,2.00,0.00,1.00,260.00,99.00,1098.00,1228.00
752.00,0.00,2.00,6.00,0.00,1.00,244.00,99.00,1198.00,1320.00
753.00,2.00,3.00,2.00,3.00,1.00,194.00,99.00,1098.00,1195.00
754.00,2.00,1.00,10.00,3.00,1.00,102.00,99.00,1298.00,1349.00
755.00,3.00,3.00,6.00,0.00,1.00,208.00,99.00,1198.00,1302.00
756.00,0.00,3.00,8.00,1.00,1.00,170.00,99.00,1248.00,1333.00
757.00,0.00,1.00,1.00,1.00,1.00,130.00,99.00,1073.00,1138.00
758.00,3.00,1.00,8.00,1.00,1.00,140.00,99.00,1248.00,1318.00
759.00,0.00,3.00,5.00,1.00,1.00,236.00,99.00,1173.00,1291.00
760.00,2.00,0.00,1.00,2.00,1.00,120.00,99.00,1073.00,1133.00
761.00,1.00,1.00,2.00,1.00,0.00,134.00,99.00,1098.00,1165.00
762.00,0.00,2.00,7.00,0.00,1.00,214.00,99.00,1223.00,1330.00
763.00,0.00,2.00,3.00,0.00,1.00,246.00,99.00,1123.00,1246.00
764.00,2.00,2.00,10.00,3.00,0.00,274.00,99.00,1298.00,1435.00
765.00,3.00,1.00,10.00,1.00,1.00,128.00,99.00,1298.00,1362.00
766.00,3.00,3.00,2.00,0.00,1.00,322.00,99.00,1098.00,1259.00
767.00,0.00,1.00,7.00,1.00,1.00,110.00,99.00,1223.00,1278.00
768.00,2.00,1.00,2.00,1.00,0.00,160.00,99.00,1098.00,1178.00
769.00,3.00,2.00,9.00,1.00,1.00,282.00,99.00,1273.00,1414.00
770.00,0.00,1.00,3.00,1.00,1.00,124.00,99.00,1123.00,1185.00
771.00,3.00,3.00,5.00,0.00,1.00,220.00,99.00,1173.00,1283.00
772.00,3.00,0.00,7.00,0.00,1.00,160.00,99.00,1223.00,1303.00
773.00,2.00,0.00,7.00,2.00,1.00,158.00,99.00,1223.00,1302.00
774.00,2.00,3.00,3.00,2.00,0.00,262.00,99.00,1123.00,1254.00
775.00,2.00,3.00,8.00,3.00,1.00,226.00,99.00,1248.00,1361.00
776.00,3.00,2.00,10.00,1.00,1.00,402.00,99.00,1298.00,1499.00
777.00,0.00,1.00,10.00,1.00,1.00,162.00,99.00,1298.00,1379.00
778.00,1.00,0.00,1.00,2.00,1.00,168.00,99.00,1073.00,1157.00
779.00,2.00,1.00,9.00,1.00,0.00,144.00,99.00,1273.00,1345.00
780.00,2.00,1.00,6.00,3.00,1.00,154.00,99.00,1198.00,1275.00
781.00,1.00,2.00,8.00,2.00,0.00,248.00,99.00,1248.00,1372.00
782.00,0.00,1.00,0.00,1.00,1.00,122.00,99.00,1048.00,1109.00
783.00,0.00,1.00,1.00,1.00,1.00,122.00,99.00,1073.00,1134.00
784.00,3.00,2.00,2.00,1.00,1.00,420.00,99.00,1098.00,1308.00
785.00,3.00,2.00,3.00,1.00,1.00,286.00,99.00,1123.00,1266.00
786.00,0.00,0.00,3.00,2.00,0.00,162.00,99.00,1123.00,1204.00
787.00,3.00,1.00,10.00,1.00,1.00,130.00,99.00,1298.00,1363.00
788.00,0.00,2.00,0.00,2.00,0.00,304.00,99.00,1048.00,1200.00
789.00,3.00,1.00,0.00,1.00,1.00,96.00,99.00,1048.00,1096.00
790.00,0.00,3.00,10.00,1.00,1.00,286.00,99.00,1298.00,1441.00
791.00,1.00,3.00,0.00,2.00,1.00,206.00,99.00,1048.00,1151.00
792.00,0.00,0.00,10.00,0.00,1.00,148.00,99.00,1298.00,1372.00
793.00,2.00,3.00,3.00,3.00,1.00,274.00,99.00,1123.00,1260.00
794.00,3.00,2.00,7.00,1.00,1.00,218.00,99.00,1223.00,1332.00
795.00,3.00,0.00,8.00,2.00,0.00,134.00,99.00,1248.00,1315.00
796.00,3.00,1.00,3.00,1.00,1.00,178.00,99.00,1123.00,1212.00
797.00,0.00,3.00,10.00,0.00,0.00,218.00,99.00,1298.00,1407.00
798.00,2.00,0.00,10.00,2.00,1.00,112.00,99.00,1298.00,1354.00
799.00,1.00,3.00,6.00,2.00,1.00,334.00,99.00,1198.00,1365.00
800.00,3.00,2.00,3.00,0.00,0.00,328.00,99.00,1123.00,1287.00
801.00,1.00,1.00,4.00,3.00,1.00,106.00,99.00,1148.00,1201.00
802.00,0.00,3.00,5.00,2.00,0.00,236.00,99.00,1173.00,1291.00
803.00,2.00,0.00,0.00,2.00,1.00,100.00,99.00,1048.00,1098.00
804.00,3.00,1.00,8.00,1.00,1.00,130.00,99.00,1248.00,1313.00
805.00,2.00,0.00,6.00,2.00,1.00,150.00,99.00,1198.00,1273.00
806.00,2.00,2.00,1.00,2.00,1.00,240.00,99.00,1073.00,1193.00
807.00,0.00,0.00,6.00,0.00,1.00,188.00,99.00,1198.00,1292.00
808.00,3.00,1.00,1.00,1.00,1.00,104.00,99.00,1073.00,1125.00
809.00,3.00,3.00,7.00,0.00,1.00,306.00,99.00,1223.00,1376.00
810.00,1.00,1.00,6.00,3.00,1.00,128.00,99.00,1198.00,1262.00
811.00,3.00,0.00,9.00,2.00,0.00,158.00,99.00,1273.00,1352.00
812.00,2.00,2.00,0.00,2.00,1.00,284.00,99.00,1048.00,1190.00
813.00,3.00,3.00,8.00,0.00,1.00,180.00,99.00,1248.00,1338.00
814.00,1.00,0.00,10.00,2.00,1.00,144.00,99.00,1298.00,1370.00
815.00,2.00,0.00,3.00,2.00,1.00,146.00,99.00,1123.00,1196.00
816.00,1.00,1.00,2.00,1.00,0.00,108.00,99.00,1098.00,1152.00
817.00,0.00,2.00,3.00,2.00,0.00,278.00,99.00,1123.00,1262.00
818.00,0.00,1.00,10.00,3.00,0.00,134.00,99.00,1298.00,1365.00
819.00,1.00,0.00,8.00,2.00,1.00,132.00,99.00,1248.00,1314.00
820.00,2.00,3.00,5.00,3.00,1.00,242.00,99.00,1173.00,1294.00
821.00,2.00,1.00,8.00,1.00,0.00,178.00,99.00,1248.00,1337.00
822.00,1.00,0.00,5.00,2.00,1.00,144.00,99.00,1173.00,1245.00
823.00,1.00,1.00,0.00,3.00,1.00,126.00,99.00,1048.00,1111.00
824.00,2.00,0.00,7.00,2.00,1.00,164.00,99.00,1223.00,1305.00
825.00,1.00,2.00,2.00,3.00,1.00,246.00,99.00,1098.00,1221.00
826.00,2.00,0.00,4.00,2.00,1.00,134.00,99.00,1148.00,1215.00
827.00,0.00,1.00,9.00,1.00,1.00,138.00,99.00,1273.00,1342.00
828.00,0.00,3.00,5.00,1.00,1.00,310.00,99.00,1173.00,1328.00
829.00,3.00,0.00,3.00,0.00,1.00,104.00,99.00,1123.00,1175.00
830.00,3.00,2.00,7.00,0.00,0.00,240.00,99.00,1223.00,1343.00
831.00,3.00,1.00,9.00,1.00,1.00,200.00,99.00,1273.00,1373.00
832.00,1.00,2.00,9.00,3.00,1.00,194.00,99.00,1273.00,1370.00
833.00,3.00,1.00,6.00,1.00,1.00,158.00,99.00,1198.00,1277.00
834.00,0.00,3.00,6.00,1.00,1.00,274.00,99.00,1198.00,1335.00
835.00,2.00,3.00,8.00,3.00,1.00,326.00,99.00,1248.00,1411.00
836.00,3.00,3.00,9.00,0.00,1.00,226.00,99.00,1273.00,1386.00
837.00,2.00,0.00,4.00,2.00,1.00,130.00,99.00,1148.00,1213.00
838.00,1.00,3.00,2.00,0.00,0.00,346.00,99.00,1098.00,1271.00
839.00,3.00,1.00,3.00,1.00,1.00,158.00,99.00,1123.00,1202.00
840.00,2.00,1.00,9.00,3.00,1.00,114.00,99.00,1273.00,1330.00
841.00,1.00,3.00,6.00,2.00,1.00,270.00,99.00,1198.00,1333.00
842.00,1.00,3.00,0.00,2.00,1.00,240.00,99.00,1048.00,1168.00
843.00,2.00,1.00,0.00,1.00,0.00,144.00,99.00,1048.00,1120.00
844.00,0.00,0.00,5.00,0.00,1.00,134.00,99.00,1173.00,1240.00
845.00,1.00,1.00,6.00,3.00,1.00,132.00,99.00,1198.00,1264.00
846.00,3.00,1.00,5.00,3.00,0.00,148.00,99.00,1173.00,1247.00
847.00,1.00,0.00,4.00,0.00,0.00,114.00,99.00,1148.00,1205.00
848.00,1.00,1.00,7.00,3.00,1.00,122.00,99.00,1223.00,1284.00
849.00,3.00,1.00,2.00,1.00,1.00,120.00,99.00,1098.00,1158.00
850.00,0.00,0.00,0.00,0.00,1.00,152.00,99.00,1048.00,1124.00
851.00,1.00,2.00,7.00,2.00,0.00,204.00,99.00,1223.00,1325.00
852.00,1.00,3.00,7.00,3.00,0.00,256.00,99.00,1223.00,1351.00
853.00,2.00,0.00,7.00,0.00,0.00,152.00,99.00,1223.00,1299.00
854.00,0.00,3.00,7.00,1.00,1.00,182.00,99.00,1223.00,1314.00
855.00,3.00,1.00,7.00,3.00,0.00,142.00,99.00,1223.00,1294.00
856.00,0.00,0.00,7.00,0.00,1.00,154.00,99.00,1223.00,1300.00
857.00,2.00,2.00,7.00,2.00,1.00,302.00,99.00,1223.00,1374.00
858.00,3.00,0.00,9.00,0.00,1.00,80.00,99.00,1273.00,1313.00
859.00,2.00,3.00,9.00,0.00,0.00,232.00,99.00,1273.00,1389.00
860.00,3.00,2.00,8.00,1.00,1.00,198.00,99.00,1248.00,1347.00
861.00,2.00,3.00,7.00,2.00,0.00,196.00,99.00,1223.00,1321.00
862.00,0.00,0.00,8.00,2.00,0.00,144.00,99.00,1248.00,1320.00
863.00,2.00,1.00,1.00,3.00,1.00,132.00,99.00,1073.00,1139.00
864.00,2.00,0.00,2.00,0.00,0.00,164.00,99.00,1098.00,1180.00
865.00,2.00,0.00,1.00,0.00,0.00,136.00,99.00,1073.00,1141.00
866.00,0.00,3.00,3.00,1.00,1.00,204.00,99.00,1123.00,1225.00
867.00,3.00,1.00,0.00,1.00,1.00,142.00,99.00,1048.00,1119.00
868.00,2.00,1.00,5.00,1.00,0.00,124.00,99.00,1173.00,1235.00
869.00,0.00,3.00,4.00,2.00,0.00,278.00,99.00,1148.00,1287.00
870.00,1.00,3.00,9.00,2.00,1.00,200.00,99.00,1273.00,1373.00
871.00,0.00,1.00,6.00,1.00,1.00,142.00,99.00,1198.00,1269.00
872.00,0.00,0.00,8.00,2.00,0.00,138.00,99.00,1248.00,1317.00
873.00,2.00,0.00,6.00,2.00,1.00,112.00,99.00,1198.00,1254.00
874.00,1.00,1.00,2.00,1.00,0.00,130.00,99.00,1098.00,1163.00
875.00,3.00,1.00,9.00,1.00,1.00,104.00,99.00,1273.00,1325.00
876.00,3.00,2.00,1.00,1.00,1.00,186.00,99.00,1073.00,1166.00
877.00,3.00,2.00,2.00,3.00,0.00,306.00,99.00,1098.00,1251.00
878.00,1.00,2.00,2.00,3.00,1.00,200.00,99.00,1098.00,1198.00
879.00,1.00,2.00,4.00,3.00,1.00,220.00,99.00,1148.00,1258.00
